[Variables]
ercf_calib_0 = 1.0
ercf_calib_1 = 1.00315733431
ercf_calib_2 = 0.99992481873
ercf_calib_ref = 849.043424

