[Variables]
ercf_calib_0 = 1.0
ercf_calib_1 = 0.999587216614
ercf_calib_2 = 1.00067490673
ercf_calib_ref = 850.2966405

