[Variables]
ercf_calib_0 = 1.0
ercf_calib_1 = 1.00423948893
ercf_calib_2 = 0.985111117711
ercf_calib_3 = 1.00423948893
ercf_calib_ref = 852.5345565

