[Variables]
air_filter_time = 168479.0
ercf_calib_0 = 1.0
ercf_calib_1 = 0.99992481873
ercf_calib_2 = 1.00315733431
ercf_calib_3 = 0.995647065494
ercf_calib_4 = 0.99992481873
ercf_calib_5 = 0.99992481873
ercf_calib_ref = 853.232783
led_status = 1

